1.1426910965411174,2.1850418532171556,-2.120803286928945
-3.5853921641670112,8.59584508959652,7.407020419399323
1.506276633779418,2.423064904159629,-4.657028653047359
-4.310039425785639,-7.2824646162077,-7.17793936856284
-3.54684132915742,-1.3658858699907626,-0.7718215453562713
-9.691098823748888,-3.780187606547072,4.458904926838619
-7.03495923075486,-9.932009372972605,4.2639398196634755
0.19654653105300923,7.549454770779096,-9.823888706477264
-5.851359297592802,5.7401304663243025,-7.135150702962312
-4.93593237067307,9.159774821926245,0.34262181504552913
-7.914260139428184,-2.058370691704594,1.7206284564364758
-9.667196904760278,4.496232280178065,-0.6432864098113438
1.929243171096351,1.947190272441354,3.3676478047712735
6.680823523812425,9.301332261175638,-7.158033258931093
-9.833851733057157,2.797464394851154,0.8530404806752188
-7.4890276636215365,9.345619062027815,4.417817236211352